REMARK  Neural network secondary structure prediction for ./2KIF_talos.tab
REMARK     H-Helix    E-Strand   L-Coil 

DATA FIRST_RESID 1

DATA SEQUENCE     MDQFLVQIFA VIHQIPKGKV STYGEIAKMA GYPGYARHVG KALGNLPEGS 
DATA PREDICTED_SS LLHHHHHHHH HHHHLLLLEE LLHHHHHHHL LLLLHHHHHH HHHLLLLLLL 
DATA CONFIDENCE   0559999999 9983899646 3748999973 8885699999 9955899879 

DATA SEQUENCE     KLPWFRVINS QGKISLKGRD LDRQKQKLEA EGIEVSEIGK IALRKYKWQP 
DATA PREDICTED_SS LLLLLLLELL LLEEEELLHH HHHHHHHHHH LLLLEELLLE EEHHHHLEEL 
DATA CONFIDENCE   8998882275 6467522849 9999999995 6983406675 9748744315 


DATA SEQUENCE     LEH
DATA PREDICTED_SS LLX
DATA CONFIDENCE   770

VARS RESID RESNAME CS_CNT CS_CNT_R2 Q_H Q_E Q_L CONFIDENCE SS_CLASS
FORMAT %4d %1s %2d %2d %8.3f %8.3f %8.3f %4.2f %s

    1 M  7  3    0.333    0.333    0.333 0.00 L
    2 D 13  4    0.222    0.037    0.741 0.52 L
    3 Q 16  6    0.772    0.021    0.207 0.56 H
    4 F 18  6    0.972    0.000    0.028 0.94 H
    5 L 18  6    0.991    0.000    0.009 0.98 H
    6 V 18  6    0.997    0.000    0.003 0.99 H
    7 Q 18  6    0.993    0.000    0.007 0.99 H
    8 I 18  6    0.985    0.001    0.013 0.97 H
    9 F 18  6    0.989    0.001    0.010 0.98 H
   10 A 18  6    0.992    0.000    0.008 0.98 H
   11 V 18  6    0.994    0.001    0.005 0.99 H
   12 I 18  6    0.992    0.000    0.008 0.98 H
   13 H 18  6    0.941    0.000    0.059 0.88 H
   14 Q 18  6    0.682    0.000    0.318 0.36 H
   15 I 16  6    0.092    0.000    0.908 0.82 L
   16 P 16  4    0.000    0.020    0.980 0.96 L
   17 K 15  6    0.000    0.038    0.962 0.92 L
   18 G 17  5    0.000    0.187    0.813 0.63 L
   19 K 17  6    0.000    0.739    0.261 0.48 E
   20 V 18  6    0.000    0.826    0.174 0.65 E
   21 S 18  6    0.000    0.339    0.661 0.32 L
   22 T 18  6    0.036    0.127    0.836 0.71 L
   23 Y 17  6    0.722    0.037    0.241 0.48 H
   24 G 17  5    0.945    0.000    0.055 0.89 H
   25 E 17  6    0.976    0.000    0.024 0.95 H
   26 I 18  6    0.985    0.000    0.015 0.97 H
   27 A 18  6    0.993    0.000    0.007 0.99 H
   28 K 18  6    0.990    0.000    0.010 0.98 H
   29 M 18  6    0.879    0.000    0.121 0.76 H
   30 A 17  6    0.327    0.001    0.672 0.35 L
   31 G 17  5    0.031    0.056    0.913 0.86 L
   32 Y 15  6    0.007    0.056    0.937 0.88 L
   33 P 15  4    0.020    0.050    0.930 0.88 L
   34 G 15  5    0.197    0.068    0.735 0.54 L
   35 Y 17  6    0.827    0.009    0.164 0.66 H
   36 A 18  6    0.981    0.000    0.019 0.96 H
   37 R 18  6    0.991    0.001    0.008 0.98 H
   38 H 18  6    0.990    0.000    0.010 0.98 H
   39 V 17  6    0.982    0.000    0.018 0.96 H
   40 G 17  5    0.976    0.001    0.023 0.95 H
   41 K 17  6    0.982    0.000    0.018 0.96 H
   42 A 18  6    0.960    0.000    0.040 0.92 H
   43 L 17  6    0.754    0.000    0.246 0.51 H
   44 G 17  5    0.221    0.007    0.772 0.55 L
   45 N 17  6    0.025    0.055    0.920 0.87 L
   46 L 16  6    0.002    0.045    0.952 0.91 L
   47 P 15  4    0.003    0.031    0.966 0.93 L
   48 E 12  5    0.033    0.038    0.929 0.89 L
   49 G 13  3    0.091    0.049    0.860 0.77 L
   50 S 12  5    0.040    0.008    0.952 0.91 L
   51 K 15  4    0.034    0.058    0.909 0.85 L
   52 L 14  6    0.015    0.026    0.959 0.93 L
   53 P 16  4    0.002    0.029    0.969 0.94 L
   54 W 16  6    0.050    0.047    0.903 0.85 L
   55 F 18  6    0.059    0.031    0.910 0.85 L
   56 R 18  6    0.037    0.046    0.917 0.87 L
   57 V 18  6    0.000    0.377    0.623 0.25 L
   58 I 18  6    0.001    0.645    0.354 0.29 E
   59 N 18  6    0.016    0.135    0.850 0.72 L
   60 S 18  6    0.189    0.080    0.731 0.54 L
   61 Q 17  6    0.137    0.035    0.828 0.69 L
   62 G 17  5    0.010    0.274    0.716 0.44 L
   63 K 17  6    0.000    0.804    0.196 0.61 E
   64 I 18  6    0.000    0.875    0.125 0.75 E
   65 S 18  6    0.000    0.753    0.247 0.51 E
   66 L 18  6    0.000    0.620    0.380 0.24 E
   67 K 17  6    0.018    0.359    0.623 0.26 L
   68 G 14  5    0.055    0.069    0.876 0.81 L
   69 R 14  3    0.735    0.025    0.240 0.50 H
   70 D 15  6    0.976    0.000    0.024 0.95 H
   71 L 18  6    0.994    0.000    0.006 0.99 H
   72 D 18  6    0.994    0.001    0.005 0.99 H
   73 R 18  6    0.995    0.000    0.005 0.99 H
   74 Q 18  6    0.995    0.001    0.004 0.99 H
   75 K 18  6    0.995    0.000    0.005 0.99 H
   76 Q 18  6    0.993    0.001    0.007 0.99 H
   77 K 18  6    0.993    0.001    0.007 0.99 H
   78 L 18  6    0.993    0.000    0.006 0.99 H
   79 E 18  6    0.976    0.000    0.024 0.95 H
   80 A 18  6    0.782    0.000    0.218 0.56 H
   81 E 17  6    0.198    0.000    0.802 0.60 L
   82 G 17  5    0.025    0.024    0.951 0.93 L
   83 I 17  6    0.018    0.052    0.930 0.88 L
   84 E 18  6    0.000    0.316    0.684 0.37 L
   85 V 18  6    0.000    0.735    0.265 0.47 E
   86 S 18  6    0.009    0.537    0.454 0.08 E
   87 E 18  6    0.078    0.114    0.807 0.69 L
   88 I 17  6    0.130    0.057    0.813 0.68 L
   89 G 17  5    0.050    0.103    0.847 0.74 L
   90 K 17  6    0.000    0.773    0.227 0.55 E
   91 I 18  6    0.000    0.955    0.045 0.91 E
   92 A 18  6    0.035    0.855    0.111 0.74 E
   93 L 18  6    0.683    0.184    0.133 0.50 H
   94 R 18  6    0.905    0.000    0.095 0.81 H
   95 K 18  6    0.855    0.000    0.145 0.71 H
   96 Y 18  6    0.698    0.017    0.285 0.41 H
   97 K 18  6    0.128    0.195    0.677 0.48 L
   98 W 18  6    0.000    0.658    0.342 0.32 E
   99 Q 16  6    0.000    0.564    0.436 0.13 E
  100 P 16  4    0.000    0.221    0.779 0.56 L
  101 L 16  6    0.033    0.087    0.880 0.79 L
  102 E 12  6    0.078    0.075    0.847 0.77 L
